18
19
20
21
22
23
24
25
26
27
28
29
30
31
32
33
34
35
36
37
38
57
58
59
60
61
62
63
64
65
66
67
68
69
70
71
72
73
74
75
76
77
78
79
80
81
82
83
84
85
92
93
94
95
96
97
98
99
100
104
105
106
107
108
109
110
111
112
113
114
115
116
117
118
119
120
121
122
123
124
125
126
127
128
129
130
131
132
133
134
135
136
137
138
139
140
141
142
143
160
161
162
163
164
165
166
167
168
169
170
171
172
173
174
175
176
177
180
327
328
329
330
331
332
333
334
335
336
337
338
339
340
341
342
343
344
345
346
366
367
368
369
370
371
372
373
374
390
391
392
393
394
395
396
397
398
399
415
416
417
418
419
443
444
445
446
447
448
449
450
451
452
453
454
455
456
457
458
466
467
468
469
470
471
472
473
474
475
476
477
478
480
481
482
483
484
485
486
489
490
493
494
495
496
497
498
499
500
